;0;0
50<0,0,57,57>
;0;1
50<0,114,57,57>
;0;2
50<0,171,57,57>
;0;3
50<0,57,57,57>
;1;0
150<57,0,57,57>
50<0,0,57,57>
50<114,0,57,57>
50<0,0,57,57>
;1;1
150<0,114,57,57>
50<57,114,57,57>
50<114,114,57,57>
50<171,114,57,57>
50<114,114,57,57>`
50<57,114,57,57>
;1;2
150<57,171,57,57>
50<0,171,57,57>
50<114,171,57,57>
50<0,171,57,57>
;1;3
150<0,57,57,57>
50<57,57,57,57>
50<114,57,57,57>
50<171,57,57,57>
50<114,57,57,57>
50<57,57,57,57>
;6;0
50<234,240,117,117>(49,31,1,1)(52,28,1,1)(55,28,1,1)(59,25,1,1)(63,28,1,1)(66,28,1,1)(69,31,1,1)(52,39,1,1)(59,34,1,1)(66,39,1,1)(52,48,1,1)(59,48,1,1)(66,48,1,1)(52,57,1,1)(59,57,1,1)(66,57,1,1)
250<351,240,117,117>(49,31,1,1)(52,28,1,1)(55,28,1,1)(59,25,1,1)(63,28,1,1)(66,28,1,1)(69,31,1,1)(52,39,1,1)(59,34,1,1)(66,39,1,1)(52,48,1,1)(59,48,1,1)(66,48,1,1)(52,57,1,1)(59,57,1,1)(66,57,1,1)